150 216 116 108 37 108 83 18 183 237 33 194 219 122 69 31 101 150 4 58 174 197 180 123 74 194 150 227 107 192 129 190 102 223 240 105 149 242 107 123 74 0 34 232 249 35 206 203 168 140 251 30 218 183 220 131 179 251 200 148 243 8 104 200 167 205 228 172 184 115 126 151 206 34 19 139 19 152 101 123 50 74 32 7 203 139 69 249 118 66 99 98 1 78 96 145 60 168 68 208 64 84 234 168 122 175 143 92 186 75 9 161 181 139 181 14 96 209 201 201 
161 74 60 44 63 225 101 67 89 169 198 141 180 173 168 89 183 144 61 110 70 147 174 16 84 5 252 209 181 160 160 242 178 167 243 196 30 140 81 103 79 51 169 145 109 131 250 219 196 121 170 37 95 238 85 90 133 253 234 194 143 131 174 126 164 203 212 204 176 36 228 100 152 204 85 31 63 255 169 99 32 142 237 92 207 7 215 177 181 134 97 98 49 42 251 89 98 108 83 119 205 117 190 197 162 227 28 10 96 73 52 95 145 155 37 77 197 220 176 135 
122 119 234 112 73 120 148 91 231 121 203 98 139 254 103 120 130 23 76 67 82 122 147 102 67 129 128 46 171 79 119 81 167 21 143 105 110 98 106 33 71 67 240 247 167 135 172 36 150 105 132 86 98 35 119 98 29 138 173 200 27 100 154 151 158 175 196 96 158 123 58 128 75 128 76 64 7 93 144 137 198 124 99 212 170 128 186 192 73 129 232 193 55 125 139 159 250 141 218 140 56 180 162 36 12 133 28 19 27 205 110 72 107 130 107 100 124 183 193 27 
246 25 90 145 81 93 120 165 162 171 13 104 191 207 188 78 143 58 52 65 71 255 64 72 80 92 18 64 93 202 26 109 119 125 96 101 105 53 85 254 119 207 171 219 211 179 167 171 119 223 26 81 88 222 125 98 63 76 225 118 156 197 174 222 65 132 167 149 63 58 90 18 236 146 37 59 1 33 253 143 26 116 144 151 72 37 117 242 169 78 146 205 151 110 44 20 143 50 136 164 105 113 151 219 89 78 71 252 231 154 223 135 104 138 80 212 93 157 73 16 
149 140 196 243 177 117 166 163 252 81 106 76 123 173 43 103 104 101 216 111 168 164 145 93 214 128 67 230 120 160 129 31 215 156 161 73 26 61 66 61 138 154 144 178 129 173 173 170 174 172 140 94 87 183 193 88 255 131 197 180 151 177 182 97 128 213 177 164 142 87 155 181 145 188 123 73 44 236 174 190 94 78 32 75 169 92 82 255 47 132 127 174 128 129 6 23 2 179 4 213 126 71 111 124 162 251 171 164 5 130 137 184 181 101 106 123 142 130 120 200 
57 198 178 205 4 99 154 161 13 115 100 94 97 252 156 100 108 223 180 186 155 152 121 119 142 223 90 129 98 126 138 99 115 21 112 115 24 53 121 82 93 181 61 53 120 118 204 198 239 152 149 243 177 149 175 37 126 72 133 255 105 52 137 138 15 118 222 187 152 244 197 177 1 111 91 38 51 110 233 31 232 93 182 96 113 30 233 190 164 114 57 119 121 126 87 9 11 64 96 104 231 142 34 89 125 172 198 177 218 135 62 127 91 124 120 116 4 92 100 90 
91 18 167 90 99 182 145 255 143 109 92 87 92 147 100 128 112 91 164 176 101 136 214 159 62 142 151 28 85 75 113 115 48 61 81 8 49 42 150 117 132 112 118 142 105 114 138 180 236 209 104 165 101 142 150 120 2 150 118 201 187 25 114 129 74 12 192 93 7 134 23 132 187 99 131 86 223 21 32 98 120 103 126 197 135 92 99 8 235 252 141 6 227 248 212 133 106 60 20 5 44 139 205 109 107 134 226 116 170 174 141 169 145 120 190 128 254 116 102 97 
25 232 139 69 86 141 156 185 1 84 95 140 106 115 123 232 157 75 110 248 13 83 211 194 45 41 111 194 102 173 195 51 71 60 167 85 246 112 101 82 110 254 161 230 159 136 129 56 124 189 157 22 96 34 108 116 79 242 54 16 100 73 70 192 131 72 250 178 21 38 65 230 183 61 171 129 122 122 45 40 204 142 213 178 84 56 82 63 98 195 41 62 228 234 231 47 95 87 26 17 243 142 195 169 26 89 149 52 155 166 160 84 132 184 164 133 171 192 211 46 
204 153 236 124 93 74 249 72 38 41 194 143 175 199 77 144 134 105 96 151 137 253 202 202 49 45 81 128 229 190 186 81 67 57 166 179 170 62 242 141 31 3 205 180 189 88 238 141 107 147 164 126 81 216 207 143 191 170 155 124 80 186 134 203 175 18 255 234 144 134 196 163 229 207 146 198 182 13 76 53 206 116 157 194 152 156 98 239 133 255 163 209 127 196 214 164 99 93 199 200 153 67 134 241 145 8 23 90 99 144 156 202 139 151 130 240 181 194 199 152 
13 123 34 131 166 111 127 149 123 156 46 127 148 10 95 232 100 113 15 87 249 213 231 130 77 57 61 80 145 29 135 134 94 177 133 54 45 92 99 178 116 34 80 87 152 55 127 245 216 156 132 235 167 154 16 65 133 145 180 247 213 159 159 66 172 21 98 42 140 116 148 225 205 143 249 82 154 239 109 35 120 147 140 172 172 160 138 36 131 190 178 183 97 72 155 177 132 108 125 174 106 139 113 162 69 74 35 35 142 126 143 167 154 35 105 97 79 228 47 132 
44 60 72 79 174 67 64 65 173 150 15 74 177 45 60 129 212 141 103 68 254 0 148 169 125 36 51 64 191 121 128 21 83 118 163 116 144 36 75 117 224 124 79 87 85 6 195 177 212 30 194 187 40 67 79 53 188 155 160 219 226 77 201 142 126 106 190 160 191 128 130 104 178 175 189 173 44 145 86 76 77 215 32 114 191 211 231 135 100 14 127 102 127 233 153 13 116 98 21 106 140 128 154 143 124 89 49 42 73 171 146 124 148 112 133 111 95 134 44 20 
91 140 232 73 108 193 108 4 80 9 232 107 150 124 213 134 158 135 126 99 174 142 82 133 8 56 219 233 162 218 227 125 6 69 127 215 78 86 191 127 156 232 145 103 223 104 227 199 182 141 169 183 136 176 86 70 103 148 154 37 160 105 127 178 148 94 130 160 134 151 136 107 129 13 125 155 124 14 81 220 81 195 147 97 146 182 45 128 192 102 233 154 48 78 154 75 68 94 123 83 80 239 41 135 136 148 95 236 44 96 137 195 12 90 111 122 162 99 92 78 
90 39 137 231 137 19 106 125 5 31 43 127 154 142 249 202 164 39 173 179 150 25 83 99 36 249 174 208 115 165 72 141 90 55 186 176 156 234 170 152 115 67 182 143 27 66 72 18 100 141 12 121 146 152 215 123 96 25 212 134 75 99 66 123 149 130 191 200 169 151 143 170 112 84 117 15 14 13 219 212 171 239 193 135 126 151 99 90 230 174 120 171 178 101 80 129 193 20 79 126 171 163 74 83 118 29 59 20 100 115 89 140 115 158 119 117 194 151 87 85 
5 198 157 131 23 197 0 77 5 54 42 188 248 85 20 157 199 134 86 146 169 177 95 92 38 107 139 71 131 23 86 151 53 38 108 131 163 184 191 146 137 23 90 161 110 67 91 60 16 141 54 62 43 216 117 197 138 180 139 161 123 45 70 86 104 127 169 186 213 177 157 156 52 82 82 71 3 10 80 214 199 54 162 204 133 136 0 63 127 218 238 176 175 176 119 94 138 117 102 102 214 76 116 91 91 79 55 45 131 115 140 50 94 254 130 172 161 168 166 251 
133 112 155 147 92 104 50 42 229 96 64 99 178 0 35 178 178 199 139 123 216 187 153 113 207 234 160 197 133 118 75 104 4 31 118 119 23 35 136 204 252 122 78 2 91 89 82 182 86 81 168 94 66 222 185 166 213 177 229 55 113 29 145 18 70 140 145 111 51 168 56 17 75 127 104 85 182 165 181 13 43 66 108 245 194 149 95 149 220 145 200 142 175 151 148 199 21 18 30 220 178 156 224 143 103 126 86 249 141 129 204 131 91 146 220 174 239 21 118 178 
139 172 146 184 4 66 82 221 118 147 97 86 211 129 54 89 133 117 246 188 175 192 146 101 140 176 190 195 175 245 206 253 120 51 124 253 135 64 73 137 197 148 164 81 142 107 199 154 140 170 139 133 97 9 65 71 150 18 141 19 203 138 104 89 115 108 198 151 121 113 44 39 154 118 116 98 121 156 118 104 212 107 93 148 88 12 32 17 128 189 145 118 145 157 140 59 93 181 76 76 158 155 199 188 144 71 125 231 118 156 5 53 181 90 124 93 168 168 142 41 
12 195 56 50 79 220 122 49 129 57 100 150 149 163 1 134 54 101 208 214 241 202 180 76 136 150 172 170 105 175 88 182 117 96 37 138 181 104 245 164 212 36 116 77 100 116 140 106 133 219 176 237 111 72 48 115 40 178 99 135 119 212 210 14 72 231 179 187 153 85 10 93 148 177 177 130 159 41 237 108 124 48 192 181 139 156 66 12 52 123 152 126 51 82 206 135 63 112 123 39 91 243 199 193 163 126 107 154 151 141 168 75 103 74 96 2 87 193 167 62 
22 76 109 56 158 152 87 86 88 183 64 155 139 150 104 79 179 111 228 216 243 228 81 164 125 80 5 115 191 117 196 49 116 109 80 85 205 163 170 193 160 136 96 24 184 124 30 92 39 5 133 38 128 136 3 55 70 170 149 127 156 108 176 221 238 124 178 35 125 50 48 191 144 231 204 141 143 55 111 145 125 178 139 67 125 3 75 8 187 255 3 84 87 73 53 131 109 126 225 40 115 87 21 137 164 207 73 111 138 65 124 43 120 34 68 234 106 48 52 46 
71 9 25 63 111 122 120 232 135 43 96 105 62 117 123 119 125 77 138 194 180 58 122 52 113 106 151 133 233 180 164 26 93 191 244 136 142 186 11 243 81 199 130 83 119 142 36 226 119 96 78 94 37 150 96 111 27 123 203 9 97 120 134 226 228 240 12 75 28 67 55 72 135 186 207 175 31 76 127 46 68 124 110 105 99 102 125 91 95 179 145 182 145 164 96 34 91 188 179 24 59 235 114 31 110 177 152 112 104 102 97 88 109 87 76 19 119 91 63 236 
242 107 47 45 73 225 155 169 206 128 89 40 69 45 95 182 142 186 148 99 157 153 231 135 213 46 101 128 94 145 199 129 47 110 82 143 186 85 94 116 100 126 151 217 139 7 61 107 150 40 109 199 110 29 91 99 23 57 127 250 33 121 156 172 208 199 150 79 60 109 77 185 130 12 135 172 243 216 192 121 78 245 159 1 68 123 116 110 96 163 228 185 231 180 146 86 60 150 172 190 81 194 31 219 115 222 180 183 186 130 153 112 241 145 102 27 55 193 105 19 
173 174 144 78 92 137 214 220 198 145 120 83 43 53 64 104 142 12 115 28 155 28 137 36 128 169 29 80 100 107 150 159 111 225 139 121 150 140 168 49 88 226 249 205 132 92 53 133 130 97 82 130 150 34 110 201 107 36 150 175 233 129 60 185 22 143 125 118 85 28 66 34 116 109 137 201 205 221 171 161 120 37 63 185 45 78 237 39 224 161 108 228 76 162 37 89 78 96 41 134 35 103 168 139 89 142 181 181 183 166 212 209 118 168 126 171 7 85 127 26 
83 63 4 81 83 171 174 104 153 66 110 104 76 71 138 102 102 8 45 60 81 87 84 85 83 230 142 57 79 65 107 141 137 244 22 128 149 117 131 116 134 149 131 116 240 154 252 146 55 94 85 64 63 82 15 108 153 98 141 36 148 170 119 121 3 56 108 101 226 113 111 70 2 160 135 66 216 10 239 65 60 72 79 109 28 50 206 160 141 175 243 193 165 120 106 211 206 2 61 72 139 245 208 13 80 103 13 140 231 240 185 202 22 102 169 155 5 32 117 90 
186 110 59 249 133 129 158 211 156 125 213 20 154 48 85 11 135 81 5 36 59 75 94 87 140 181 144 114 114 86 86 121 133 153 139 197 158 141 144 234 34 214 164 124 160 238 214 204 135 225 134 94 190 111 250 124 191 89 109 38 74 104 41 101 165 15 77 95 191 125 42 74 48 70 214 27 103 181 143 17 47 224 125 174 250 97 82 149 150 155 246 35 104 129 118 106 174 62 41 45 85 223 225 148 48 77 64 240 203 224 216 201 141 49 106 143 21 19 129 5 
154 166 111 139 249 67 118 220 195 179 172 135 3 68 67 54 176 130 72 43 46 208 43 199 142 154 141 133 3 43 202 136 86 133 82 32 173 76 120 47 105 58 255 181 155 223 90 173 253 100 66 213 165 164 175 112 142 192 159 102 114 97 80 127 131 120 70 111 132 249 138 11 44 28 104 97 75 93 24 118 255 175 174 149 191 179 119 48 29 61 214 165 184 139 128 117 107 114 180 88 72 222 78 187 152 17 251 185 50 189 194 12 103 97 118 122 251 97 217 117 
122 55 135 207 198 193 55 37 227 200 67 42 79 50 215 216 113 139 163 19 189 147 4 82 254 183 109 22 146 64 182 173 131 218 144 86 69 106 236 134 95 86 117 184 250 132 148 137 99 150 94 124 167 19 204 163 60 131 86 6 76 95 40 82 77 109 19 121 22 134 33 60 206 92 153 118 161 109 75 207 193 113 17 61 249 11 175 114 63 61 137 100 149 157 34 93 105 78 175 218 42 112 137 131 156 192 153 136 232 157 180 240 118 155 106 114 170 201 1 111 
94 90 254 198 183 158 135 75 122 183 150 86 5 44 87 172 58 39 113 98 6 211 56 47 126 187 113 81 83 93 113 254 166 171 10 250 171 115 250 206 138 1 68 123 112 164 173 51 11 148 134 160 150 112 86 55 5 136 117 62 48 149 94 233 96 222 116 85 191 47 90 61 109 135 27 54 109 118 36 106 14 106 78 52 112 124 251 19 65 129 109 13 87 19 55 60 86 107 120 171 251 130 113 127 181 104 155 148 50 247 193 34 70 198 153 124 79 150 175 95 
128 200 181 162 181 177 115 9 68 79 209 210 27 61 201 153 197 98 221 144 228 148 138 228 133 81 127 59 192 122 57 141 187 69 83 143 188 72 36 164 79 72 131 94 188 71 149 124 62 73 33 109 216 172 123 4 21 54 123 100 70 85 109 177 168 160 166 20 180 139 126 92 87 136 99 142 101 224 126 45 55 58 54 61 94 110 161 222 102 67 101 20 172 126 66 164 103 220 149 90 170 183 234 158 155 87 115 101 99 132 190 146 83 137 136 190 224 151 158 77 
237 94 71 93 68 142 194 106 222 170 152 190 11 33 34 129 78 39 133 166 179 53 113 251 204 56 190 125 179 156 184 221 46 69 76 100 22 94 35 238 160 40 81 44 108 122 116 129 105 174 93 246 190 10 39 10 212 207 101 71 246 133 51 112 152 160 51 60 86 255 173 18 62 161 199 146 90 2 125 98 66 229 113 76 187 130 137 39 94 86 116 167 119 113 180 136 14 199 250 142 28 254 223 101 88 201 45 219 139 168 128 80 49 132 135 153 195 18 29 41 
71 134 99 177 112 25 58 119 149 180 137 89 96 204 239 134 113 174 115 7 144 37 161 167 246 168 97 137 147 78 139 235 167 94 21 193 28 217 115 114 241 7 42 55 36 88 108 239 196 158 166 168 201 210 86 74 98 172 62 78 181 146 110 49 104 89 3 38 118 110 179 23 34 156 172 206 147 242 123 115 204 166 252 147 66 241 169 129 87 63 88 88 124 118 242 176 61 91 180 190 120 182 219 235 141 122 122 128 81 129 141 194 107 68 99 254 37 83 140 70 
115 21 238 149 143 215 99 92 184 181 166 170 118 95 179 136 198 42 110 255 135 105 254 194 173 30 173 178 51 92 169 181 238 228 114 109 122 122 7 78 67 105 217 85 58 60 27 124 155 157 0 207 192 53 116 92 234 168 134 90 116 45 131 96 83 92 160 67 207 145 186 4 47 251 119 165 172 177 68 104 141 170 164 101 104 137 182 117 111 187 172 130 7 83 147 183 140 97 6 102 137 246 165 184 60 38 153 94 101 2 195 176 91 88 25 126 105 14 145 99 
64 58 105 238 176 214 100 33 120 161 161 165 217 143 139 3 112 228 126 121 11 60 255 234 200 122 108 153 127 27 96 45 189 218 186 25 95 62 63 49 167 76 71 124 89 247 154 101 101 137 98 251 213 28 19 64 126 92 104 109 226 129 101 91 221 144 116 134 183 123 124 104 51 37 135 139 179 133 126 223 58 227 187 150 191 144 78 189 52 116 78 126 87 54 38 122 142 114 72 60 154 179 196 4 82 60 230 159 157 86 94 15 94 64 190 182 186 101 249 164 
232 142 62 135 111 167 71 68 24 101 14 120 245 6 96 30 130 142 64 103 190 87 134 123 82 134 128 126 146 100 198 113 48 151 145 118 79 38 40 102 106 63 70 144 110 148 248 214 177 85 233 194 219 187 78 128 106 108 208 140 171 114 252 187 166 70 110 23 113 83 110 74 112 66 138 245 187 166 188 127 136 195 102 186 216 188 136 134 248 138 60 37 51 64 12 57 107 209 103 78 97 226 192 130 12 219 169 145 153 110 171 93 134 222 158 176 181 63 221 211 
242 205 233 196 209 194 144 251 114 1 38 57 239 163 198 108 89 42 82 180 157 144 50 102 76 119 108 120 130 125 246 94 107 102 118 217 1 39 39 167 165 46 65 93 115 24 140 200 56 106 123 136 5 137 96 40 91 176 164 246 185 31 132 102 195 203 127 156 97 77 90 109 98 92 98 160 79 159 55 123 92 141 188 158 43 149 51 156 179 45 81 59 121 78 192 207 27 216 176 119 52 125 181 25 55 95 90 134 236 241 174 245 157 204 194 56 189 159 147 248 
149 8 87 172 82 161 42 145 170 109 184 30 108 29 24 110 102 84 69 9 115 240 144 71 83 25 84 51 179 59 60 133 111 108 109 129 115 51 166 124 152 125 78 63 127 88 69 136 183 253 117 125 69 215 55 63 64 110 249 219 216 65 76 11 102 166 74 182 21 53 73 90 99 175 148 97 192 143 45 138 121 232 2 151 76 216 137 114 149 93 169 242 140 113 136 178 137 44 145 176 115 171 145 117 65 2 155 15 102 193 202 207 93 151 183 128 124 157 154 29 
90 115 70 109 57 103 162 116 124 41 111 108 68 68 230 230 11 233 151 224 116 137 173 84 114 57 55 178 136 124 82 91 212 87 158 53 164 110 109 210 102 126 2 240 143 254 137 147 155 197 189 4 66 122 130 17 49 132 163 210 55 112 84 57 23 158 78 111 104 37 54 243 144 159 160 135 118 151 169 117 146 166 29 60 138 143 21 23 60 100 147 186 90 242 163 89 154 9 253 75 122 32 116 146 73 46 173 114 23 93 121 176 158 134 156 0 181 119 254 47 
136 113 99 149 105 88 66 234 158 198 116 111 246 82 62 146 129 124 169 136 158 27 95 117 101 90 134 122 77 164 134 102 135 86 110 186 134 136 134 151 175 218 115 33 138 247 212 165 167 164 76 89 218 220 229 34 33 71 39 137 134 1 65 132 167 116 154 107 146 17 36 111 166 101 64 42 98 147 163 54 220 201 132 73 5 226 130 58 67 175 234 104 147 159 28 93 9 81 114 147 196 116 240 167 128 189 173 240 129 81 98 131 26 107 237 131 104 134 32 111 
251 4 114 120 202 98 84 128 173 154 156 56 137 155 215 141 187 146 21 108 119 203 108 111 234 188 45 100 70 103 110 115 24 81 92 190 157 142 209 81 131 174 219 79 83 226 1 96 142 211 150 113 222 220 224 35 254 255 181 30 87 74 102 123 140 94 189 150 127 96 129 184 153 81 82 62 67 168 159 141 138 17 116 29 35 27 127 105 214 152 200 179 239 115 100 216 106 58 84 127 156 2 119 181 19 50 137 29 132 137 57 80 79 70 138 168 134 80 125 16 
115 90 69 240 2 100 188 97 236 23 251 154 51 119 163 65 131 154 118 53 93 183 158 225 190 204 150 98 241 138 117 114 22 42 152 144 117 129 10 100 118 141 178 74 189 112 113 140 43 213 191 151 99 170 204 154 147 117 184 131 82 83 86 218 193 151 144 66 114 142 122 100 145 126 9 117 128 121 27 155 181 255 129 230 159 124 154 168 162 176 99 162 211 188 194 166 228 130 142 190 157 20 225 175 191 86 110 92 95 121 105 223 127 92 241 182 7 73 92 82 
92 231 45 118 136 79 245 176 148 135 212 205 61 77 36 88 39 73 126 99 116 174 171 250 34 138 183 143 115 164 139 69 68 224 139 145 135 224 121 77 65 108 47 99 120 146 123 125 154 136 125 252 69 112 189 136 250 224 210 83 248 71 156 175 195 134 143 117 97 117 127 147 97 226 104 76 213 177 9 63 133 130 111 156 59 114 187 169 112 21 100 120 217 205 191 183 192 183 206 179 221 90 111 170 54 95 63 88 57 250 235 187 166 128 133 185 120 46 247 140 
78 133 66 6 86 57 111 177 64 115 192 203 126 133 205 109 78 173 124 156 123 173 172 197 160 110 154 151 207 162 95 101 191 161 174 58 231 249 198 2 59 77 14 125 159 141 116 237 172 123 128 208 176 119 152 159 181 117 183 158 108 142 74 135 83 66 114 189 134 34 194 156 133 255 195 125 138 233 139 205 15 92 225 164 237 15 105 153 219 117 95 212 113 224 190 188 219 115 168 72 157 160 120 212 145 98 85 127 90 159 214 219 190 173 229 202 107 91 128 189 
27 26 67 46 46 19 62 152 193 190 207 200 52 103 162 20 69 106 232 170 149 145 163 177 178 3 223 176 175 197 151 47 113 247 85 161 150 210 250 150 70 5 32 142 142 194 150 187 36 218 224 13 19 104 125 209 183 189 233 182 149 156 73 149 122 114 90 93 138 102 173 174 149 142 197 4 245 205 207 183 51 159 93 160 42 98 69 109 160 83 98 236 187 174 196 153 186 184 155 79 102 139 144 158 123 53 190 134 110 208 255 126 198 69 157 196 238 156 125 208 
52 35 42 51 48 123 180 131 98 160 185 240 159 166 143 77 132 52 21 186 28 45 42 195 87 89 105 24 125 221 189 164 108 156 2 82 62 140 148 226 148 74 187 198 41 101 115 190 137 130 124 120 45 56 65 239 117 53 158 211 180 86 105 141 85 243 149 110 192 50 108 197 173 162 167 122 226 115 250 213 149 158 136 27 76 213 1 59 175 139 26 152 191 159 176 175 177 182 173 135 93 111 62 121 134 103 176 229 48 122 178 186 170 65 192 187 207 230 170 113 
172 86 80 141 223 131 146 233 154 137 134 61 153 159 156 169 126 177 83 12 75 85 57 87 141 105 97 43 64 136 182 253 175 100 86 12 115 213 84 152 108 161 140 223 154 251 155 167 164 240 178 25 63 156 73 125 160 74 171 36 142 136 109 118 90 139 143 49 117 119 92 32 59 248 77 30 236 192 226 132 176 140 91 82 61 84 99 53 214 7 57 45 80 5 78 143 47 64 208 31 86 253 142 34 96 65 114 173 133 128 142 56 13 73 110 135 152 196 198 110 
59 44 70 97 216 190 155 115 167 148 139 111 25 112 142 194 27 110 216 103 107 89 197 113 133 240 147 76 61 10 109 48 158 144 110 219 115 164 97 207 155 151 150 55 144 56 93 70 138 165 194 30 42 87 32 76 67 30 91 112 96 20 88 105 104 114 132 108 251 247 152 220 103 178 167 91 193 15 144 108 138 14 81 180 107 101 226 133 133 118 60 200 108 64 53 234 141 84 169 136 76 138 177 163 97 86 218 86 128 130 133 110 105 63 239 161 132 160 63 123 
53 56 20 62 71 147 244 171 151 155 85 114 83 63 105 147 58 29 118 204 213 177 126 203 242 205 68 97 78 21 142 99 22 42 193 174 18 163 141 90 115 140 215 140 29 76 134 99 209 170 107 110 60 236 118 44 130 75 149 117 188 138 82 252 12 166 137 242 200 170 246 204 204 254 87 79 121 109 212 154 73 101 205 53 113 177 168 175 190 147 117 47 156 109 75 120 238 190 147 150 64 50 238 192 33 28 110 138 117 172 145 16 200 122 230 161 150 191 71 182 
70 86 54 214 115 111 253 100 129 225 76 91 178 108 231 161 122 71 116 146 197 195 24 117 170 205 136 30 29 101 88 109 76 46 167 49 156 112 93 109 104 119 201 210 242 18 17 54 129 3 93 252 140 145 209 123 123 252 158 51 118 148 122 9 91 212 235 204 252 207 207 219 71 176 190 118 229 44 174 180 155 109 131 129 158 149 167 50 29 122 128 180 127 22 229 13 123 183 175 157 123 79 225 199 141 104 80 109 117 202 214 125 47 70 140 244 185 229 163 167 
189 115 171 217 138 121 161 171 133 152 151 145 138 127 51 147 179 49 78 149 89 210 49 58 115 55 115 93 60 63 76 3 76 61 91 1 68 112 102 205 223 212 177 116 189 149 200 90 91 220 105 207 199 8 168 254 188 187 245 151 95 120 16 45 48 49 165 91 182 213 255 220 170 146 170 159 242 171 126 216 104 122 120 138 141 69 71 96 209 24 210 172 143 208 153 131 89 131 186 172 154 87 206 210 117 120 142 233 14 111 51 97 78 65 239 207 175 172 5 159 
196 154 37 141 137 132 138 135 27 104 135 131 45 73 83 93 139 122 164 130 122 227 162 54 174 114 230 146 49 87 75 122 67 112 88 60 85 180 186 164 197 90 210 167 38 200 174 240 140 232 185 43 113 233 136 11 151 175 252 164 136 117 182 81 94 12 75 200 118 197 221 232 241 172 162 82 62 158 151 71 130 118 19 92 123 111 151 74 73 102 52 18 179 176 204 162 71 206 174 177 93 111 195 203 21 86 116 182 143 89 100 82 30 57 4 150 198 181 119 184 
134 52 81 62 113 17 70 114 240 123 184 36 70 94 83 184 25 13 99 239 88 159 170 128 151 118 154 51 82 72 154 117 198 125 162 154 99 96 154 168 120 135 65 250 151 163 179 57 145 190 32 206 120 224 197 55 229 104 15 143 26 66 30 172 115 73 143 42 120 190 231 125 37 150 52 98 65 95 201 94 98 193 110 128 114 135 132 195 114 100 84 159 118 251 70 145 126 134 171 169 146 222 80 159 127 206 136 71 132 158 62 176 138 75 182 20 141 105 135 238 
12 66 29 57 29 53 38 74 235 210 172 130 78 80 65 110 114 50 54 46 124 249 192 37 105 124 245 150 110 88 37 17 110 144 7 107 34 245 237 186 214 156 12 109 25 88 143 126 76 137 119 163 8 192 204 31 105 96 71 165 111 198 98 144 143 29 222 135 169 29 150 181 114 105 102 226 214 55 117 137 109 71 124 100 114 124 69 99 210 141 102 115 130 166 70 107 148 136 115 151 39 135 17 76 86 34 32 195 132 55 91 109 254 184 147 66 75 78 106 102 
101 39 200 95 152 170 131 59 122 182 3 133 224 127 59 16 80 115 144 164 111 173 22 41 156 241 203 50 103 100 148 67 64 214 121 78 218 165 215 161 187 135 109 211 78 63 98 236 195 24 93 65 78 135 43 106 92 165 110 230 17 247 181 165 150 28 93 150 151 211 107 156 150 106 104 92 177 42 116 21 233 137 135 119 60 99 97 88 238 196 146 54 56 207 62 114 123 84 86 96 172 115 89 149 103 11 25 84 137 206 32 168 177 205 199 114 85 79 178 172 
167 97 112 3 83 45 115 133 3 102 8 48 135 62 10 28 41 78 101 136 137 106 100 234 143 35 159 103 118 107 129 17 111 129 10 193 163 120 130 201 185 219 154 145 144 171 29 121 184 236 69 9 81 117 98 82 117 124 190 176 141 135 38 116 40 239 170 63 32 131 149 137 152 239 125 72 113 216 124 87 113 3 91 115 198 119 105 109 145 119 58 169 93 94 121 38 163 71 80 196 154 174 96 129 127 80 162 100 145 162 0 66 137 173 101 138 164 37 98 149 
88 117 47 54 193 107 68 105 115 73 135 175 176 127 66 252 15 146 229 124 132 185 130 169 182 83 30 14 78 202 146 97 75 104 191 131 216 166 234 188 191 160 234 34 206 88 96 235 210 210 1 26 38 78 239 171 18 86 133 38 42 53 135 96 138 139 135 122 72 154 144 94 127 150 171 64 83 137 193 134 66 60 250 152 155 26 83 99 87 117 27 84 216 134 163 107 102 112 109 168 172 34 101 108 26 77 106 148 131 146 182 82 187 165 45 94 132 162 99 85 
116 107 90 125 72 184 146 106 108 200 136 148 147 150 200 172 146 21 132 206 24 113 146 239 196 153 78 40 192 157 210 151 119 99 239 107 186 196 73 60 110 153 126 131 219 171 51 127 19 67 5 24 236 141 152 187 125 119 159 110 63 90 92 104 112 172 45 247 147 194 164 166 158 145 46 93 172 43 101 61 87 100 136 64 16 33 47 204 130 122 88 66 100 150 149 188 156 48 84 120 7 217 32 80 12 190 62 105 135 0 14 57 171 174 128 174 133 145 136 116 
199 221 189 93 96 117 211 230 135 147 10 11 102 41 145 158 168 111 88 142 105 116 125 254 229 26 85 116 56 142 12 124 40 86 141 149 147 176 148 238 136 55 111 122 63 151 162 113 168 84 52 31 97 226 137 129 14 86 50 38 212 50 77 91 94 126 212 168 241 194 252 7 110 68 3 47 192 135 227 129 119 102 249 149 76 41 191 147 97 116 84 204 192 8 223 70 138 73 68 224 117 216 155 219 103 101 126 93 185 106 69 46 169 12 121 141 109 129 136 66 
181 124 178 62 51 88 138 178 181 6 54 219 14 62 82 128 172 154 15 252 166 129 123 1 252 212 68 89 87 95 83 39 67 64 97 129 202 159 161 182 106 200 118 117 236 150 154 89 179 225 246 109 217 180 181 100 81 72 69 245 165 134 87 231 138 155 61 89 217 217 221 160 150 109 6 30 89 214 192 90 234 151 167 29 55 73 101 234 159 211 137 2 132 227 152 125 12 74 9 7 116 3 124 109 143 115 114 111 11 100 247 20 240 140 91 117 114 117 217 218 
53 109 155 131 91 240 55 123 160 9 201 5 79 212 118 216 172 55 74 252 106 81 234 119 205 223 47 68 26 50 92 71 143 71 102 109 146 164 161 116 134 146 68 101 159 104 116 119 129 177 52 150 165 114 187 242 141 98 7 107 199 118 113 255 158 150 109 86 152 184 22 125 217 135 250 95 35 112 247 176 166 106 141 112 61 63 193 40 144 171 54 64 167 175 94 123 48 244 109 68 227 230 221 151 117 125 138 114 78 35 127 154 138 216 35 96 109 181 171 118 
151 104 171 186 96 142 145 205 31 66 92 51 104 131 131 155 135 71 189 86 148 246 187 123 149 224 164 112 123 66 113 92 71 107 160 159 176 162 53 31 202 122 29 196 152 138 119 110 119 101 110 104 83 120 89 172 132 32 45 216 174 30 167 132 181 248 169 121 149 28 253 133 16 122 246 197 146 97 81 141 161 106 87 113 68 25 93 160 140 203 6 41 86 92 120 112 249 180 166 122 139 198 238 120 215 10 91 114 40 51 236 113 225 193 247 126 219 160 29 29 
168 250 175 222 168 170 46 233 156 31 63 16 57 201 0 95 117 107 122 132 122 172 72 44 198 190 192 214 149 112 124 175 112 187 151 72 135 157 131 71 74 132 149 124 224 243 243 157 128 85 239 27 128 207 155 138 147 96 57 84 154 29 75 250 208 214 210 208 145 107 214 18 132 90 152 130 157 133 103 184 244 170 218 139 106 171 96 116 138 94 101 49 28 68 4 30 130 158 61 116 19 113 131 163 166 229 110 241 131 216 167 232 190 184 208 193 179 197 128 138 
151 87 48 148 97 145 33 104 164 209 186 254 103 120 217 123 111 150 252 47 100 84 109 154 132 6 129 178 123 222 178 159 187 149 226 149 118 136 141 140 148 119 133 135 136 201 38 213 166 81 135 213 122 152 75 31 186 112 88 173 137 106 70 195 217 103 175 197 46 22 54 95 81 117 119 98 227 44 94 7 145 149 102 37 94 123 130 105 115 115 111 87 234 221 63 32 15 101 191 122 226 119 121 147 89 40 126 148 73 54 200 199 30 137 176 83 37 170 38 101 
149 119 221 139 181 10 77 75 218 197 24 154 161 128 225 188 49 103 168 139 95 184 2 162 149 206 179 233 178 116 172 169 171 46 140 229 100 81 226 169 152 169 132 242 126 19 239 163 180 131 236 200 117 37 88 241 152 48 81 77 22 198 69 111 170 163 195 139 127 65 46 65 80 194 143 206 177 254 130 77 53 202 151 68 66 4 7 80 100 73 99 158 245 233 7 34 27 181 157 58 232 28 220 216 150 93 86 57 92 73 109 54 94 103 138 221 113 177 128 171 
177 153 164 112 144 3 30 224 172 86 77 85 157 49 134 191 142 30 100 226 112 202 129 5 50 88 157 249 227 67 118 27 16 194 175 181 69 83 195 218 205 175 131 168 8 51 222 76 139 204 190 194 170 103 171 166 247 149 172 110 215 145 137 42 107 146 168 169 120 114 45 52 177 81 156 193 113 181 144 100 241 165 158 45 60 153 54 124 101 1 57 104 15 126 51 30 30 24 11 207 165 141 129 95 153 118 249 88 128 157 54 136 94 246 162 82 138 142 175 158 
151 124 147 82 88 75 36 239 44 82 81 68 103 135 106 170 167 240 23 171 169 196 175 85 46 61 176 194 223 58 81 75 177 129 166 232 177 0 254 222 200 175 81 80 250 37 120 139 111 151 5 124 72 115 123 251 191 195 210 164 72 144 142 107 235 162 239 240 176 136 229 42 90 240 159 165 157 203 176 140 234 141 87 96 251 154 120 248 144 82 29 63 206 115 193 91 181 241 92 18 234 155 148 153 158 143 86 141 119 152 121 117 73 249 255 181 176 182 27 120 
12 95 248 159 43 68 151 142 141 89 84 41 70 33 221 14 17 141 8 67 198 30 148 136 134 42 79 115 129 195 111 89 254 62 13 137 50 75 109 195 218 197 58 73 134 67 74 111 156 139 98 17 71 149 129 167 56 70 228 200 57 241 82 172 234 121 15 164 193 168 177 68 135 93 248 190 171 133 170 244 206 82 103 206 59 94 71 146 179 164 91 231 166 56 121 135 135 115 120 76 127 172 218 173 191 171 133 138 106 132 163 133 135 152 218 218 2 120 83 135 
48 38 127 37 79 13 77 44 145 32 226 64 238 85 113 50 27 163 104 183 149 125 101 205 129 101 74 175 139 124 197 246 206 174 212 120 102 168 211 232 215 59 207 112 229 143 13 66 133 142 126 181 77 167 24 77 100 188 162 74 110 136 177 143 182 179 130 113 89 170 219 154 119 115 0 19 126 147 150 192 83 108 71 126 130 94 83 95 60 134 165 162 29 83 86 56 117 250 161 98 100 43 121 10 124 162 155 64 102 181 158 151 139 61 95 79 192 70 91 103 
173 86 83 82 65 52 62 61 83 86 114 244 182 168 122 216 150 213 58 115 113 145 50 154 162 47 21 90 127 130 150 25 159 224 227 186 136 247 208 156 228 167 41 227 189 187 196 203 77 171 146 215 157 2 64 204 29 105 252 69 179 125 146 222 212 191 1 81 94 116 168 16 96 64 59 133 88 120 57 133 85 92 90 47 243 244 11 63 255 149 149 10 67 59 205 115 96 154 188 148 40 81 81 92 202 131 149 205 123 135 128 72 171 136 97 5 92 118 48 218 
32 47 71 72 73 8 170 97 175 195 91 149 149 209 191 176 230 197 129 151 253 170 121 24 113 107 233 114 210 145 22 65 105 162 204 205 47 143 49 137 173 189 132 106 23 133 172 62 114 10 128 176 2 79 37 225 152 136 164 69 124 142 206 5 146 183 97 221 132 114 175 119 131 17 46 234 151 119 186 34 11 132 226 121 143 210 34 36 118 119 134 61 46 57 235 222 113 226 189 217 135 85 64 79 124 16 4 242 190 149 137 112 118 105 66 56 172 43 69 1 
231 103 73 181 128 69 82 116 12 127 137 125 14 124 220 252 246 96 140 53 152 162 79 168 4 195 217 188 170 175 20 118 229 11 53 163 138 120 106 188 205 143 26 123 84 188 46 163 104 73 70 124 65 1 39 100 251 179 73 102 245 170 172 127 76 135 138 152 97 135 9 101 240 129 64 114 117 136 147 196 80 74 200 58 127 160 42 231 128 243 165 120 75 59 117 191 67 135 197 201 184 1 96 130 111 83 197 147 233 222 208 147 61 94 183 215 147 78 63 191 
166 139 105 119 2 66 115 242 123 87 200 157 98 81 25 165 221 180 201 242 149 21 87 122 98 99 170 153 170 201 161 99 148 129 64 163 155 137 121 138 242 196 21 56 87 18 84 97 110 95 152 119 252 106 48 228 193 207 248 209 185 61 134 175 126 249 174 154 95 109 84 11 231 43 5 55 95 21 101 176 150 23 99 120 101 206 136 10 123 164 40 108 101 78 84 142 250 249 115 122 85 43 46 238 237 143 33 125 192 215 215 190 144 99 175 191 184 142 94 116 
179 161 135 91 155 74 81 146 170 194 160 203 171 142 82 190 230 24 135 31 96 235 124 111 141 24 233 185 234 201 20 93 240 216 85 104 140 2 32 240 206 214 143 120 56 53 104 248 41 82 109 105 158 230 53 97 172 241 224 227 235 53 146 99 172 106 11 98 115 50 127 74 99 124 215 91 255 218 52 204 176 45 2 73 225 17 119 193 108 121 197 115 219 180 134 217 203 216 193 221 142 90 21 101 192 63 184 3 186 197 206 46 126 87 25 22 132 152 41 5 
126 39 111 137 127 128 94 24 113 126 160 4 126 146 82 136 185 108 151 15 47 169 176 137 242 135 148 188 191 208 235 147 160 205 124 104 120 87 193 155 227 132 212 158 50 53 30 127 98 146 98 104 122 170 108 86 146 186 228 150 159 149 115 120 130 136 80 63 14 59 114 234 135 164 245 141 92 188 152 95 158 197 81 193 163 155 101 137 146 125 125 145 96 165 130 160 193 142 8 254 106 86 65 145 146 133 244 143 82 110 32 132 101 104 72 45 32 105 99 52 
99 134 217 155 143 81 101 81 219 152 191 118 82 118 206 237 186 155 138 212 65 199 146 216 170 235 58 29 136 231 224 139 123 162 39 56 72 146 233 193 180 179 206 192 133 137 205 120 115 177 140 20 82 42 35 244 73 61 158 178 254 221 5 47 3 89 156 99 23 31 68 198 172 157 94 160 131 214 184 97 116 131 136 136 217 178 69 102 128 133 246 14 245 136 87 125 159 181 110 28 129 104 89 51 110 129 175 187 215 135 92 99 71 184 161 241 106 81 191 114 
77 178 176 223 173 174 190 0 100 198 180 163 113 70 131 191 141 160 98 149 142 241 195 101 162 189 160 243 136 200 74 145 135 35 78 57 166 128 169 0 124 161 42 43 167 145 51 20 85 125 104 88 63 17 31 103 18 50 41 72 168 164 130 60 133 179 89 114 78 44 46 48 139 121 124 119 16 227 208 127 99 7 201 56 136 155 134 66 194 71 150 136 142 174 128 113 128 245 215 117 91 65 86 252 137 125 205 189 155 168 254 161 110 121 155 255 84 90 95 40 
170 141 186 254 18 14 126 153 84 127 140 45 107 96 99 233 188 243 167 31 227 203 118 138 35 73 74 159 141 159 144 108 198 122 141 252 23 230 124 211 1 76 93 59 143 132 109 60 64 91 254 148 81 34 27 187 102 114 7 40 215 155 68 116 103 138 106 103 223 158 82 243 107 90 111 202 112 118 18 117 95 67 91 254 22 119 136 112 247 170 130 1 215 177 213 151 91 154 204 144 238 131 244 194 194 185 74 156 57 126 187 200 157 182 28 146 205 126 103 6 
142 115 147 195 80 37 123 209 148 237 168 122 91 49 40 124 185 120 148 120 126 236 185 193 122 112 86 78 126 142 129 127 144 3 88 63 112 121 249 194 132 69 79 105 102 31 162 123 82 79 186 196 77 64 41 37 63 93 71 62 105 187 136 154 124 243 162 254 193 191 143 50 133 110 98 67 127 53 63 250 154 83 253 50 108 247 17 202 148 188 159 96 186 212 105 71 111 141 160 169 32 133 169 171 196 191 152 247 153 112 238 208 18 119 198 124 138 156 186 98 
25 94 38 126 216 1 52 128 95 160 130 140 202 114 67 53 120 209 159 142 182 92 9 63 206 176 124 21 75 250 139 183 13 53 5 52 200 88 249 221 182 176 108 97 101 78 201 162 122 94 178 17 96 100 68 48 23 59 74 146 52 214 7 99 125 159 188 201 216 100 144 25 69 97 101 88 108 96 164 159 179 18 118 106 208 187 17 109 156 164 154 32 78 158 91 89 246 166 134 240 147 167 200 180 186 205 182 207 91 239 140 195 140 237 184 219 181 158 166 113 
153 237 123 57 133 228 93 91 135 94 91 80 66 127 161 43 191 173 160 86 7 93 64 240 169 210 170 225 107 149 179 167 115 60 213 110 120 136 80 183 235 49 111 105 2 185 106 156 49 187 153 116 197 217 221 150 25 6 46 71 89 118 251 20 179 96 147 53 21 112 60 76 189 118 16 68 88 163 141 4 114 103 176 176 163 186 31 218 186 85 15 67 59 119 64 81 238 75 125 166 198 242 203 194 186 118 124 171 193 174 250 64 130 60 52 151 235 191 38 205 
167 185 181 120 59 139 221 45 90 106 219 130 114 201 86 96 247 203 178 99 64 113 254 186 92 157 179 115 149 244 111 154 145 106 126 135 121 125 128 54 47 110 169 128 78 163 151 137 114 41 127 66 207 207 241 204 70 33 146 136 109 60 143 25 74 216 180 164 79 34 68 222 83 97 77 82 79 110 17 54 57 226 168 94 144 164 210 153 109 126 75 37 150 109 97 142 225 179 148 146 170 203 173 157 174 159 133 38 190 220 214 176 155 115 75 242 209 192 140 6 
133 161 199 131 174 124 161 142 60 85 136 146 130 148 145 36 126 192 191 156 21 66 144 194 157 194 130 145 220 204 186 150 11 81 104 121 229 167 247 143 92 83 17 52 246 162 209 104 118 91 197 223 165 215 221 245 173 151 110 126 123 42 81 83 137 142 204 182 65 28 19 103 15 65 117 87 82 109 78 49 232 35 200 154 130 27 133 40 159 131 39 28 71 155 158 132 180 166 90 94 93 155 189 173 123 152 166 54 94 15 149 104 161 143 31 116 117 172 192 112 
128 91 150 160 5 12 169 12 71 208 183 155 144 234 22 253 138 234 126 157 174 87 99 145 39 45 123 148 171 208 63 208 123 250 210 67 139 178 87 225 10 61 53 45 114 143 171 139 120 6 132 184 190 190 128 125 181 246 152 31 93 0 132 19 55 111 152 38 95 62 69 153 182 87 224 142 17 27 5 59 86 117 76 83 210 199 119 240 146 229 33 33 175 133 167 152 16 120 125 124 103 80 141 167 30 101 139 82 76 23 62 105 123 158 110 151 128 157 173 250 
112 78 205 57 3 6 62 15 53 110 70 136 3 127 10 95 162 178 179 65 132 131 105 116 100 61 191 154 127 168 146 169 212 192 217 68 72 129 131 147 198 89 66 130 149 135 183 61 106 77 132 88 104 41 119 220 10 47 148 135 237 110 184 111 139 186 230 140 91 170 78 100 101 174 118 200 119 54 226 96 24 47 17 58 117 124 234 60 148 163 141 87 135 147 196 191 119 76 107 159 159 212 116 208 241 68 135 113 90 63 56 164 130 109 231 164 77 199 176 244 
93 94 162 141 67 179 80 52 216 32 95 41 117 16 51 52 0 113 156 133 110 127 40 149 121 12 34 19 100 125 214 177 186 184 100 128 28 149 252 176 173 153 138 111 130 205 174 64 77 73 144 121 121 88 82 165 131 27 174 152 102 215 179 158 32 119 209 193 141 85 111 131 110 128 0 106 5 173 28 46 55 42 35 76 135 125 135 143 70 180 113 113 111 217 186 93 134 81 88 118 205 192 173 28 159 156 119 122 120 134 247 155 11 139 159 233 158 161 74 164 
239 248 168 159 58 101 92 125 44 97 74 42 66 66 236 74 42 66 111 227 156 131 93 94 228 56 34 47 55 105 148 106 156 105 129 251 64 80 190 206 185 222 171 106 22 145 216 153 98 82 115 126 35 226 211 152 149 39 80 51 101 18 137 158 95 82 23 141 167 131 107 116 101 20 89 65 113 97 220 98 249 127 234 115 108 44 101 126 113 121 38 75 99 20 180 153 200 48 72 213 208 201 188 14 67 161 145 113 118 51 144 68 155 101 133 109 207 156 130 237 
7 164 193 126 114 100 83 100 89 108 93 101 69 67 1 103 254 87 88 116 202 69 195 103 141 215 224 101 67 159 137 1 87 116 136 205 173 105 128 14 153 186 193 96 74 29 130 166 166 1 66 182 114 125 217 196 162 116 125 85 237 107 87 127 1 200 91 49 189 236 168 147 21 47 52 68 175 95 137 69 219 198 46 41 230 127 72 99 95 196 73 14 99 59 156 140 164 137 226 170 218 252 62 88 56 94 45 101 206 245 33 47 90 217 147 129 148 104 130 99 
50 148 8 87 108 107 96 180 123 142 72 129 162 99 170 91 149 163 0 167 161 144 136 216 252 71 170 36 109 138 144 241 234 59 128 156 52 91 108 83 206 181 210 11 60 54 251 182 167 111 59 200 139 86 142 185 154 144 128 11 111 120 92 73 67 80 123 9 82 169 192 169 106 58 121 80 107 201 144 86 124 41 95 60 179 178 99 85 59 116 214 100 64 3 140 148 58 119 250 125 171 113 142 149 162 30 56 49 226 225 167 82 138 210 191 3 93 115 83 88 
109 102 86 216 137 188 130 189 164 10 74 129 145 240 169 143 247 117 93 86 69 138 183 14 160 161 210 21 55 100 250 211 163 152 200 161 123 236 73 52 113 219 203 61 44 52 119 107 255 116 72 110 149 198 142 199 199 165 241 126 40 155 122 213 132 20 47 59 86 192 180 180 184 116 98 143 110 112 43 91 194 119 250 135 191 128 160 15 183 22 40 118 141 69 240 176 127 158 175 183 104 129 128 9 106 99 163 13 96 182 147 192 137 161 187 152 82 251 149 215 
85 59 116 139 102 129 210 116 156 60 110 155 19 104 171 161 53 139 213 130 95 100 229 142 51 165 178 136 165 121 157 159 29 114 21 199 161 44 117 22 226 79 169 144 83 108 93 106 156 175 109 97 210 223 211 184 57 140 77 202 122 228 168 167 170 107 180 207 117 131 90 103 155 204 174 138 216 146 45 53 241 184 184 189 77 132 140 207 135 239 100 182 12 71 117 118 140 226 125 213 166 124 127 193 223 87 116 45 86 244 191 167 117 206 90 143 125 174 72 159 
24 56 77 183 141 124 133 153 171 129 7 90 91 71 115 93 102 218 190 137 3 231 186 90 17 77 89 138 146 150 49 121 214 119 84 211 109 38 66 137 128 184 144 249 158 184 128 156 67 132 145 239 182 241 225 156 132 37 227 168 164 165 187 172 147 230 172 186 222 178 160 117 90 149 59 147 167 185 128 75 123 29 187 186 150 132 115 4 194 189 81 119 104 62 117 117 125 13 121 18 101 177 142 123 179 163 233 121 84 91 38 132 138 153 246 84 84 9 85 105 
239 147 93 79 115 218 132 170 23 114 83 60 80 195 157 131 81 218 204 107 82 105 61 100 69 71 79 5 152 129 109 43 8 42 42 209 176 75 112 134 133 29 17 93 109 0 6 96 120 106 19 134 95 198 224 201 37 84 136 228 20 86 146 138 152 63 251 86 164 188 135 218 199 116 44 83 132 61 124 66 88 80 52 15 44 108 159 92 228 203 66 88 97 78 241 170 195 219 212 38 52 92 88 226 139 132 176 22 23 207 112 94 111 39 176 168 126 73 45 203 
89 158 79 29 74 115 155 138 110 27 16 59 213 42 131 144 39 112 217 176 237 173 113 91 86 102 159 81 30 103 46 66 39 38 40 34 139 107 98 114 127 96 233 114 185 98 34 98 145 123 87 81 161 151 191 36 27 25 81 148 54 53 118 170 153 122 145 160 27 126 42 131 54 123 45 242 216 136 107 97 45 71 124 63 108 29 126 125 133 145 117 207 130 101 60 157 174 202 211 54 48 81 87 139 182 210 1 66 112 114 22 76 93 64 93 216 170 140 86 170 
69 228 137 81 11 66 193 121 2 46 29 71 114 208 105 255 154 101 164 185 199 203 163 17 119 102 239 159 90 74 94 68 114 6 18 144 168 32 56 193 139 70 133 160 225 10 6 46 122 130 113 92 111 141 51 92 109 53 170 176 80 47 72 120 176 189 97 134 245 132 225 75 86 109 92 146 201 5 82 236 126 100 98 112 94 67 74 108 122 152 138 154 131 126 241 1 42 62 1 40 192 107 171 132 196 196 187 84 236 254 168 88 85 120 8 211 204 1 48 101 
199 165 10 40 69 48 102 138 87 22 32 156 229 183 128 162 255 71 112 188 90 164 120 100 185 95 145 181 143 154 51 174 195 105 43 68 143 114 236 161 204 137 238 40 141 125 58 146 104 234 159 121 132 107 99 12 71 110 46 130 128 118 79 7 101 155 114 212 6 188 181 172 10 55 85 167 224 219 82 116 104 6 68 92 99 41 107 195 174 133 141 249 178 103 156 0 14 39 34 3 78 3 77 130 77 150 78 139 153 204 208 155 225 219 115 189 201 28 25 23 
94 152 185 78 251 122 115 225 87 169 74 157 180 197 128 233 216 4 91 26 101 183 158 112 132 44 135 253 165 118 107 110 23 54 147 114 108 82 60 110 0 113 185 154 187 123 102 102 117 200 226 70 133 124 92 67 125 99 85 223 117 151 10 249 119 185 76 134 181 125 164 211 131 142 94 115 254 232 177 125 194 101 204 236 215 118 241 181 183 163 132 59 112 131 148 180 64 73 234 90 138 172 84 97 101 73 100 105 181 179 181 181 176 206 244 137 175 31 28 187 
220 102 24 219 109 160 219 186 166 140 144 86 149 175 166 136 235 115 70 249 125 110 150 140 249 141 106 109 175 131 102 106 126 67 202 154 97 5 49 73 217 135 144 240 157 155 44 73 84 133 75 123 197 188 134 97 96 73 145 71 137 75 78 192 186 145 135 186 167 157 159 178 173 107 114 23 130 104 99 117 88 13 43 161 177 46 20 147 215 148 147 112 202 137 162 163 25 54 120 140 122 10 88 63 87 87 135 113 97 42 214 95 150 65 171 62 240 9 22 55 
30 117 11 84 243 158 206 203 185 187 157 75 103 142 161 137 169 173 209 176 86 107 228 172 2 130 102 105 129 145 184 130 23 72 124 160 204 102 24 85 125 156 80 154 68 175 221 112 19 78 231 143 154 157 118 118 103 55 91 206 225 145 179 63 241 186 32 117 43 154 156 164 241 173 147 94 101 111 141 119 166 89 38 80 122 115 60 186 182 81 125 113 142 145 148 34 98 195 112 124 166 99 65 242 130 245 114 120 112 83 224 177 84 99 111 178 160 136 26 34 
57 128 85 116 250 217 193 147 71 234 192 152 110 22 108 64 179 11 131 172 144 159 164 188 226 84 72 93 175 149 144 152 227 107 177 204 59 221 14 41 221 76 104 57 93 112 253 126 33 64 124 90 129 146 168 143 155 128 91 148 206 192 172 138 208 211 143 97 203 133 147 250 6 140 52 87 94 72 137 136 190 154 27 106 102 216 187 212 193 152 119 173 149 156 126 102 101 131 193 142 86 218 34 113 54 143 128 215 229 141 149 239 235 139 31 179 172 180 63 206 
50 78 143 114 160 150 219 190 136 161 234 192 197 109 151 107 116 102 81 236 33 112 66 186 200 121 92 186 78 155 15 103 160 31 208 196 247 175 135 63 87 128 81 80 76 218 194 191 168 88 92 184 173 80 31 250 140 141 55 98 150 226 196 163 169 196 96 254 184 136 137 24 93 34 67 68 255 140 250 174 166 160 113 239 25 149 184 194 245 196 193 161 147 150 176 56 173 189 171 76 101 3 85 61 76 208 159 167 16 210 21 149 207 193 121 110 9 120 121 206 
9 45 156 137 137 149 82 163 94 44 146 190 218 174 144 134 119 112 33 116 252 199 66 126 170 90 106 146 136 246 138 34 201 130 129 177 10 185 165 73 74 65 91 40 65 149 175 186 225 160 113 227 194 149 244 175 166 149 10 57 101 159 40 133 155 162 151 123 187 127 133 118 40 55 52 78 133 176 188 79 251 192 168 17 93 26 119 165 147 196 26 126 230 72 93 108 112 158 17 88 4 27 38 246 38 8 167 108 97 71 100 90 148 89 134 121 91 111 93 140 
219 91 97 130 71 102 111 118 64 67 85 255 221 90 83 19 137 155 34 127 180 210 101 230 170 130 18 90 40 140 204 234 156 156 138 182 123 106 184 178 149 96 217 170 88 100 166 175 195 166 146 162 194 211 201 81 126 115 91 52 70 110 8 103 235 107 140 138 149 199 19 90 131 183 111 80 119 142 118 128 223 53 139 108 72 227 28 102 231 191 137 34 130 144 208 136 202 157 15 37 141 57 40 108 130 17 64 95 32 222 47 194 144 255 243 0 70 209 137 19 
90 143 200 142 118 97 103 110 97 144 98 4 160 157 235 112 142 144 111 147 151 180 138 156 157 156 215 179 103 94 146 223 38 13 102 140 227 152 218 193 93 209 56 147 135 107 244 235 201 225 179 87 190 231 214 205 137 126 57 81 216 6 99 70 191 177 64 114 133 154 124 82 101 46 113 86 95 80 113 27 59 111 97 114 33 170 141 90 144 188 7 59 54 109 4 116 164 174 198 83 87 111 239 129 14 53 169 109 188 147 138 213 72 157 11 84 47 108 62 253 
224 152 214 185 117 110 103 35 122 121 116 21 81 132 199 11 20 156 137 131 200 153 68 109 81 131 167 8 50 212 253 179 146 13 11 187 166 181 177 209 165 217 160 47 187 93 148 231 210 178 194 204 160 193 217 16 119 247 248 128 123 115 73 80 207 115 118 67 214 167 148 118 100 82 16 71 25 105 203 73 53 94 100 103 83 112 141 249 161 117 104 206 106 19 44 173 151 163 215 128 76 91 147 140 94 125 115 131 137 77 51 134 139 226 160 85 2 73 81 10 
211 100 145 141 230 152 121 148 101 226 154 97 218 235 188 132 121 99 234 167 90 147 77 84 206 139 218 131 247 169 23 151 158 142 55 84 122 89 21 135 93 95 232 1 78 119 26 251 230 226 112 170 39 87 165 79 82 169 221 199 150 135 61 154 39 120 117 11 97 159 158 1 73 85 94 18 38 146 151 116 80 251 7 141 91 246 82 157 189 46 171 160 24 3 22 125 149 52 143 162 253 134 124 137 227 2 42 96 158 124 191 125 132 165 170 149 145 73 175 69 
115 34 93 126 208 222 51 23 102 211 208 149 154 202 18 233 162 238 190 31 96 57 131 156 148 145 167 231 203 29 161 0 103 230 116 85 97 175 95 83 244 144 143 125 25 74 243 173 245 72 136 139 116 237 162 135 134 128 17 187 178 133 109 13 68 75 230 25 44 201 172 211 95 83 87 130 129 104 250 172 122 151 49 65 99 252 193 166 170 135 214 36 73 91 38 182 143 158 117 140 252 213 135 132 178 135 110 78 38 121 35 117 228 244 193 216 170 132 12 85 
83 102 15 78 86 172 12 28 133 148 189 60 121 229 131 127 174 191 206 37 54 149 112 133 57 35 191 196 203 28 72 111 72 18 121 125 56 109 126 44 54 147 176 148 40 103 135 172 210 175 213 249 168 146 181 215 161 56 200 134 114 141 142 88 159 93 156 137 68 104 206 177 161 251 140 119 126 218 190 135 137 51 83 31 65 138 42 133 227 26 125 125 104 249 237 237 187 223 166 141 43 148 221 162 157 187 144 179 98 212 122 10 118 190 227 44 227 176 106 248 
81 92 166 168 110 221 135 166 183 143 14 121 90 146 245 167 156 65 133 125 61 88 116 159 116 228 151 179 176 135 242 137 106 157 38 94 91 39 93 87 98 129 203 175 148 97 177 161 218 201 196 91 72 128 151 62 146 36 97 143 130 228 152 127 53 101 116 136 76 50 120 246 194 202 155 91 112 205 102 96 122 103 29 47 30 77 174 116 158 137 115 123 117 37 174 136 121 177 241 182 209 133 97 160 65 244 195 2 102 67 55 70 185 20 145 138 122 104 193 98 
145 7 88 140 139 63 185 57 135 153 59 64 214 150 180 224 182 134 185 158 114 249 151 108 251 134 171 167 16 67 105 161 85 15 70 67 82 76 69 83 249 158 163 186 107 20 98 181 186 201 1 96 211 243 160 124 189 106 134 125 107 109 163 115 98 84 56 79 97 74 117 161 121 2 119 150 50 244 183 212 103 68 77 51 42 135 155 2 133 142 194 144 96 83 125 145 187 161 203 208 199 85 105 133 235 181 206 168 90 86 69 64 106 204 3 95 118 47 114 99 
88 112 69 99 114 105 213 151 114 79 192 223 167 53 38 147 177 164 234 192 73 224 145 134 164 150 237 191 29 37 124 90 112 70 118 94 81 188 111 87 41 189 166 171 144 90 69 9 226 27 76 255 187 213 205 166 197 164 134 129 206 140 134 137 183 121 87 73 83 84 91 12 98 73 225 176 125 154 193 196 170 113 29 178 108 95 219 125 86 120 108 173 137 153 120 143 111 148 116 175 177 44 66 101 102 172 96 156 138 104 86 161 5 105 223 122 111 214 125 113 
67 89 238 135 116 111 218 194 116 103 115 176 84 73 54 79 134 11 136 187 150 36 135 249 67 127 171 101 187 93 42 85 95 18 133 115 178 149 77 234 100 110 155 198 171 50 83 111 115 122 74 214 135 188 221 176 179 20 223 31 57 134 216 162 160 208 138 99 9 58 65 56 251 239 179 193 132 137 161 183 29 173 158 121 105 102 65 32 12 72 214 165 150 146 124 192 148 19 94 239 8 76 16 238 56 195 191 142 15 36 75 191 119 76 231 192 167 97 202 7 
184 41 122 165 249 116 252 19 109 213 143 76 50 69 104 79 68 118 88 137 158 114 79 172 162 27 14 95 127 135 90 70 83 61 70 88 86 26 225 178 161 88 117 113 211 147 93 238 154 161 119 135 99 140 164 187 4 205 149 134 154 115 19 132 227 171 83 126 78 9 241 120 142 157 26 132 105 124 226 178 130 65 132 127 117 174 113 20 21 35 249 209 185 30 1 105 58 75 167 166 54 46 212 155 149 133 173 168 108 105 186 150 87 110 97 173 0 88 129 61 
153 234 92 233 10 125 74 115 81 159 169 210 112 88 87 80 120 102 9 239 140 192 44 98 158 115 135 212 86 29 100 86 230 124 83 80 0 37 163 14 117 243 103 111 145 200 39 123 231 17 115 123 119 119 56 85 92 134 74 14 100 123 17 27 128 175 12 73 133 24 91 150 77 125 143 190 62 97 156 186 86 93 35 98 67 76 37 30 3 216 166 233 231 148 154 78 179 45 95 181 86 90 116 11 58 136 31 226 11 74 250 214 150 115 12 94 89 181 125 105 
195 60 128 151 131 88 95 157 124 224 184 196 152 104 196 238 146 182 97 180 186 138 124 208 205 167 234 193 148 87 151 6 107 18 75 79 19 191 130 128 86 176 174 45 234 193 144 183 19 89 1 79 129 223 132 101 92 193 133 73 52 140 93 45 221 35 50 45 83 101 72 104 166 74 155 162 116 213 190 45 22 151 93 177 207 116 76 47 26 81 33 144 18 132 243 158 138 87 5 93 218 131 119 82 209 134 197 151 47 169 164 122 157 140 74 60 147 139 45 128 
101 49 18 176 163 184 118 212 164 154 39 50 132 176 158 9 131 177 152 251 9 113 1 111 56 142 133 186 20 85 107 83 95 73 55 69 55 207 242 166 126 129 166 128 135 232 98 141 175 21 37 25 77 187 29 2 252 110 145 63 62 44 231 138 0 85 56 173 219 147 26 67 73 104 111 104 29 119 106 113 60 77 234 168 232 97 178 99 96 6 40 51 71 73 59 153 189 202 98 235 173 130 126 162 151 37 97 148 13 76 53 113 130 142 118 17 74 47 74 82 
140 13 26 178 172 35 112 96 157 158 104 64 132 154 253 221 225 241 190 103 121 124 79 102 89 68 102 140 115 200 130 53 77 81 69 62 204 164 204 204 165 212 169 238 167 119 149 126 147 47 35 12 17 93 71 34 3 121 208 138 154 86 210 193 181 154 46 141 177 62 78 57 65 160 153 122 138 95 159 126 121 86 132 82 160 209 161 146 35 45 30 235 30 65 65 93 145 21 228 139 182 220 68 66 197 34 56 182 154 248 228 131 98 62 56 63 9 43 208 242 
75 73 36 183 160 145 97 156 200 122 128 56 84 178 195 223 223 176 61 135 15 86 96 92 187 114 135 212 81 229 97 93 36 64 92 75 74 147 130 171 40 139 50 165 190 158 233 169 150 114 219 99 42 242 135 211 82 8 112 59 117 57 147 183 185 173 18 68 91 110 142 120 48 27 113 57 105 133 236 252 189 132 93 102 114 27 162 118 99 212 116 127 130 75 145 101 132 99 81 149 156 187 158 30 97 198 97 85 140 180 248 49 92 84 200 215 95 163 155 201 
85 40 49 89 36 113 75 109 29 117 84 66 134 91 154 190 103 167 134 125 91 31 42 2 93 131 126 252 181 163 163 20 49 117 91 72 73 114 130 150 120 144 111 108 161 169 142 181 148 48 127 238 126 213 196 32 108 28 49 73 252 72 92 140 101 180 101 121 93 239 244 168 112 153 97 34 65 108 159 185 208 90 105 100 137 92 93 248 225 134 154 179 145 104 108 118 117 162 212 147 29 124 123 75 114 136 166 116 220 155 194 163 164 179 136 183 6 88 135 49 
185 103 64 104 76 75 186 123 125 184 128 125 108 149 107 102 131 68 29 96 85 69 47 8 57 88 47 194 3 105 134 105 55 86 11 213 119 126 123 78 191 182 145 192 209 176 48 88 139 10 61 95 153 87 165 97 10 9 106 35 206 176 189 137 126 70 117 255 156 162 110 216 200 162 137 186 95 41 102 197 196 164 119 50 83 196 127 108 193 193 37 123 84 209 140 255 60 113 197 148 108 31 168 122 145 177 159 147 187 187 2 119 244 195 84 88 92 97 106 96 
204 252 11 42 177 43 247 51 99 136 57 103 174 143 42 83 112 103 66 166 150 101 72 231 98 61 65 242 146 21 100 122 94 30 42 90 254 152 133 246 171 5 110 149 183 82 102 79 184 7 68 74 222 154 48 114 73 30 145 95 100 160 175 59 107 101 191 187 42 200 157 161 162 181 68 130 158 98 80 96 110 225 195 121 103 127 7 205 230 1 77 80 197 163 170 188 15 62 124 176 144 109 102 130 132 151 207 129 142 164 108 201 197 212 158 110 210 133 112 112 
170 208 195 82 52 90 126 245 127 204 132 60 112 164 108 77 87 53 48 68 128 89 46 194 171 110 211 122 91 86 5 75 171 98 98 176 173 193 159 16 144 106 157 170 167 44 15 182 148 113 21 42 149 80 125 95 12 44 73 181 125 242 192 142 37 218 170 182 137 207 188 168 47 4 84 242 199 176 118 241 149 44 154 89 104 19 166 126 91 107 243 133 51 137 173 30 116 64 249 183 201 151 143 125 101 228 195 164 145 150 22 110 131 71 147 255 191 82 53 53 
201 193 198 158 97 123 3 124 221 184 79 90 87 121 115 121 239 126 75 89 95 104 251 163 176 152 188 173 83 229 125 126 186 12 89 121 237 88 236 195 26 67 110 247 194 135 64 85 72 195 109 57 35 88 1 90 65 92 177 120 142 223 71 138 183 146 36 20 149 164 148 10 75 213 43 65 168 125 138 242 210 203 134 29 74 129 104 166 194 130 160 138 43 77 41 81 68 252 59 163 182 178 185 151 56 128 227 195 213 80 20 50 97 241 153 185 8 93 117 85 
197 198 32 91 31 83 48 105 150 202 126 48 242 150 17 84 148 139 113 152 187 108 154 143 239 55 131 37 97 120 158 136 185 127 76 95 119 148 157 203 141 207 239 206 136 30 190 163 106 51 118 121 58 119 137 76 77 148 139 13 84 149 248 152 97 212 131 62 164 156 156 60 48 112 66 58 106 101 121 60 103 53 130 186 166 224 126 132 164 162 255 184 68 62 60 191 113 220 177 202 244 79 22 116 53 153 169 28 145 226 108 32 166 168 142 108 100 31 80 80 
